INFO:root:5;flag;1080.0,254.5,1124.0,295.5;0.67;1280,720
INFO:root:10;flag;424.5,301.25,448.5,336.25;0.56;1280,720
INFO:root:10;flag;946.0,247.75,976.0,292.75;0.28;1280,720
INFO:root:15;flag;1086.0,254.5,1138.0,308.5;0.76;1280,720
INFO:root:20;flag;944.0,241.5,970.0,304.5;0.66;1280,720
INFO:root:20;flag;657.5,319.0,682.5,353.5;0.33;1280,720
INFO:root:30;flag;1140.0,271.75,1184.0,320.25;0.35;1280,720
INFO:root:35;flag;1063.0,243.0,1115.0,291.0;0.5;1280,720
INFO:root:40;flag;848.0,229.75,884.0,289.75;0.74;1280,720
INFO:root:40;flag;1003.0,226.0,1049.0,279.0;0.25;1280,720
INFO:root:45;flag;977.0,236.0,1027.0,295.0;0.45;1280,720
INFO:root:50;flag;810.0,213.75,854.0,284.75;0.75;1280,720
INFO:root:50;flag;1017.0,255.5,1075.0,305.5;0.72;1280,720
INFO:root:55;flag;1055.0,277.5,1109.0,322.5;0.56;1280,720
INFO:root:60;flag;768.5,205.75,805.5,287.25;0.78;1280,720
INFO:root:60;flag;1058.0,286.0,1122.0,348.0;0.75;1280,720
INFO:root:65;flag;1023.0,254.5,1073.0,313.5;0.74;1280,720
INFO:root:70;flag;944.0,212.25,1007.0,273.75;0.79;1280,720
INFO:root:70;flag;716.0,187.25,768.0,266.75;0.71;1280,720
INFO:root:75;flag;681.5,191.75,733.5,269.25;0.77;1280,720
INFO:root:75;flag;895.5,208.0,942.5,270.0;0.74;1280,720
INFO:root:75;flag;1159.0,330.5,1201.0,365.5;0.39;1280,720
INFO:root:80;flag;878.0,206.25,962.0,275.75;0.8;1280,720
INFO:root:80;flag;654.0,175.0,708.0,266.75;0.62;1280,720
INFO:root:85;flag;961.5,216.5,1023.5,289.5;0.79;1280,720
INFO:root:90;flag;978.0,216.5,1050.0,292.0;0.77;1280,720
INFO:root:90;flag;623.0,161.75,691.0,258.25;0.7;1280,720
INFO:root:95;flag;941.0,197.125,1003.0,283.0;0.79;1280,720
INFO:root:95;flag;604.0,156.75,666.0,252.25;0.51;1280,720
INFO:root:100;flag;572.0,121.25,660.0,242.75;0.68;1280,720
INFO:root:100;flag;362.75,300.5,387.25,344.5;0.48;1280,720
INFO:root:105;flag;529.5,98.0,606.5,217.5;0.81;1280,720
INFO:root:105;flag;861.5,146.125,932.5,229.875;0.78;1280,720
INFO:root:105;flag;1104.0,205.0,1164.0,273.0;0.77;1280,720
INFO:root:105;flag;1164.0,291.0,1220.0,361.0;0.49;1280,720
INFO:root:105;flag;355.0,296.5,383.0,338.5;0.29;1280,720
INFO:root:110;flag;481.0,93.1875,598.0,225.75;0.78;1280,720
INFO:root:110;flag;847.0,126.75,893.0,215.0;0.78;1280,720
INFO:root:115;flag;426.0,80.25,512.0,205.0;0.83;1280,720
INFO:root:115;flag;827.0,108.25,881.0,214.5;0.8;1280,720
INFO:root:115;flag;1183.0,320.0,1243.0,400.0;0.41;1280,720
INFO:root:120;flag;372.25,58.75,490.75,210.5;0.79;1280,720
INFO:root:120;flag;895.0,120.75,939.0,204.75;0.38;1280,720
INFO:root:125;flag;307.5,59.5,402.5,201.25;0.82;1280,720
INFO:root:125;flag;890.0,119.75,994.0,225.25;0.79;1280,720
INFO:root:125;flag;1031.0,282.0,1061.0,307.0;0.2;1280,720
INFO:root:130;flag;227.125,58.5625,372.0,215.5;0.81;1280,720
INFO:root:130;flag;799.5,63.4375,878.5,178.0;0.8;1280,720
INFO:root:130;flag;1090.0,180.5,1154.0,262.0;0.72;1280,720
INFO:root:130;flag;1040.0,362.5,1074.0,397.5;0.29;1280,720
INFO:root:135;flag;123.8125,32.0,241.25,213.5;0.84;1280,720
INFO:root:135;flag;693.5,9.875,792.5,129.0;0.82;1280,720
INFO:root:135;flag;1084.0,176.5,1164.0,265.25;0.82;1280,720
INFO:root:140;flag;0.75,6.0,169.25,206.75;0.82;1280,720
INFO:root:140;flag;593.0,8.375,691.0,122.875;0.81;1280,720
INFO:root:140;flag;1089.0,333.25,1165.0,410.75;0.77;1280,720
INFO:root:140;flag;1262.0,231.5,1280.0,305.0;0.45;1280,720
INFO:root:145;flag;569.0,3.28125,651.0,114.75;0.82;1280,720
INFO:root:145;flag;0.0,114.0,137.75,214.5;0.75;1280,720
INFO:root:145;flag;1122.0,320.25,1212.0,390.75;0.72;1280,720
INFO:root:145;flag;1156.0,229.875,1248.0,307.0;0.69;1280,720
INFO:root:145;flag;1260.0,232.5,1280.0,303.0;0.51;1280,720
INFO:root:145;flag;1047.0,267.5,1081.0,301.5;0.35;1280,720
INFO:root:150;flag;1132.0,231.5,1216.0,336.5;0.74;1280,720
INFO:root:150;flag;1130.0,321.5,1210.0,411.0;0.7;1280,720
INFO:root:150;flag;597.0,2.75,705.0,146.75;0.59;1280,720
INFO:root:150;flag;1252.0,236.75,1280.0,310.25;0.5;1280,720
INFO:root:155;flag;1064.0,174.25,1152.0,293.25;0.82;1280,720
INFO:root:155;flag;434.0,1.375,531.5,69.5625;0.79;1280,720
INFO:root:155;flag;1093.0,345.5,1161.0,399.5;0.71;1280,720
INFO:root:155;flag;1237.0,233.5,1279.0,288.5;0.22;1280,720
INFO:root:160;flag;994.0,128.75,1132.0,253.75;0.66;1280,720
INFO:root:165;flag;1184.0,208.25,1236.0,271.25;0.75;1280,720
INFO:root:165;flag;1013.5,129.5,1114.0,252.0;0.63;1280,720
INFO:root:165;flag;944.5,309.25,1021.5,392.25;0.43;1280,720
INFO:root:165;flag;600.5,318.25,621.5,362.25;0.36;1280,720
INFO:root:170;flag;1013.0,145.0,1107.0,284.0;0.62;1280,720
INFO:root:170;flag;1182.0,218.375,1238.0,300.5;0.52;1280,720
INFO:root:170;flag;580.5,319.5,606.5,363.0;0.42;1280,720
INFO:root:175;flag;975.0,173.5,1103.0,316.0;0.83;1280,720
INFO:root:175;flag;381.25,321.0,408.75,362.0;0.69;1280,720
INFO:root:175;flag;136.375,252.75,187.875,443.25;0.61;1280,720
INFO:root:175;flag;1078.0,329.0,1130.0,385.5;0.31;1280,720
INFO:root:175;flag;572.0,324.5,594.0,369.0;0.25;1280,720
INFO:root:180;flag;886.0,135.75,1038.0,317.25;0.88;1280,720
INFO:root:180;flag;365.5,333.5,390.5,384.5;0.58;1280,720
INFO:root:180;flag;544.5,329.5,572.5,379.5;0.26;1280,720
INFO:root:185;flag;817.0,122.5,951.0,300.0;0.76;1280,720
INFO:root:190;flag;759.0,94.0,943.0,308.5;0.88;1280,720
INFO:root:190;flag;820.0,311.0,888.0,415.0;0.68;1280,720
INFO:root:195;flag;681.0,103.0,843.0,323.75;0.86;1280,720
INFO:root:200;flag;604.0,66.75,760.0,296.75;0.87;1280,720
INFO:root:200;flag;60.28125,344.0,88.75,395.0;0.54;1280,720
INFO:root:200;flag;760.0,306.25,914.0,413.25;0.45;1280,720
INFO:root:200;flag;775.0,336.5,801.0,369.5;0.24;1280,720
INFO:root:205;flag;509.75,49.6875,650.0,271.25;0.86;1280,720
INFO:root:205;flag;791.0,308.5,881.0,459.5;0.79;1280,720
INFO:root:205;flag;761.0,332.0,789.0,370.0;0.54;1280,720
INFO:root:205;flag;942.0,347.5,1006.0,415.5;0.47;1280,720
INFO:root:205;flag;253.0,314.0,270.0,386.5;0.35;1280,720
INFO:root:210;flag;397.75,28.5,652.0,324.5;0.9;1280,720
INFO:root:210;flag;690.0,318.5,782.0,442.5;0.57;1280,720
INFO:root:215;flag;238.5,5.25,553.0,321.5;0.91;1280,720
INFO:root:220;flag;0.0,2.75,307.5,267.25;0.87;1280,720
INFO:root:220;flag;269.5,272.0,389.5,513.0;0.82;1280,720
INFO:root:220;flag;1033.0,191.75,1089.0,303.75;0.79;1280,720
INFO:root:225;flag;0.0,3.25,243.75,283.0;0.82;1280,720
INFO:root:225;flag;195.0,273.0,365.5,433.0;0.78;1280,720
INFO:root:225;flag;1014.5,182.5,1094.0,286.5;0.74;1280,720
INFO:root:225;flag;334.75,422.5,385.75,559.5;0.21;1280,720
INFO:root:230;flag;1013.0,170.25,1097.0,295.75;0.82;1280,720
INFO:root:230;flag;0.0,4.0,78.25,274.0;0.7;1280,720
INFO:root:230;flag;273.5,243.0,493.5,408.5;0.43;1280,720
INFO:root:235;flag;371.0,213.875,479.5,450.0;0.78;1280,720
INFO:root:235;flag;1012.0,161.5,1080.0,290.5;0.7;1280,720
INFO:root:235;flag;161.25,411.0,335.75,555.5;0.31;1280,720
INFO:root:240;flag;133.0,269.0,345.0,403.0;0.82;1280,720
INFO:root:240;flag;969.0,143.25,1073.0,286.75;0.81;1280,720
INFO:root:240;flag;782.5,255.5,817.5,295.5;0.57;1280,720
INFO:root:240;flag;712.0,345.0,863.0,422.0;0.21;1280,720
INFO:root:245;flag;933.0,129.75,1041.0,264.5;0.82;1280,720
INFO:root:250;flag;569.0,325.0,709.0,428.5;0.5;1280,720
INFO:root:250;flag;892.0,127.0,956.0,234.5;0.42;1280,720
INFO:root:255;flag;540.0,387.25,598.0,460.25;0.21;1280,720
INFO:root:260;flag;833.5,89.0,977.5,251.5;0.81;1280,720
INFO:root:260;flag;127.9375,319.5,167.5,391.5;0.68;1280,720
INFO:root:260;flag;721.5,289.0,764.5,330.0;0.45;1280,720
INFO:root:260;flag;927.5,338.5,993.5,438.0;0.2;1280,720
INFO:root:265;flag;788.0,60.9375,968.0,243.5;0.87;1280,720
INFO:root:265;flag;90.0,323.5,147.875,391.5;0.74;1280,720
INFO:root:265;flag;699.5,283.0,736.5,322.0;0.65;1280,720
INFO:root:265;flag;622.5,301.0,692.5,361.0;0.58;1280,720
INFO:root:270;flag;739.0,39.0,901.0,237.75;0.85;1280,720
INFO:root:270;flag;512.0,282.25,645.0,357.75;0.45;1280,720
INFO:root:275;flag;674.0,6.75,787.0,179.0;0.8;1280,720
INFO:root:275;flag;666.0,288.0,724.0,337.0;0.72;1280,720
INFO:root:275;flag;96.875,318.0,128.125,390.0;0.53;1280,720
INFO:root:275;flag;468.5,282.0,587.5,365.0;0.44;1280,720
INFO:root:280;flag;582.5,2.5,753.5,191.125;0.88;1280,720
INFO:root:280;flag;0.125,318.5,67.5625,395.5;0.77;1280,720
INFO:root:280;flag;433.5,283.0,515.5,368.0;0.75;1280,720
INFO:root:280;flag;644.0,280.75,683.0,328.75;0.72;1280,720
INFO:root:280;flag;337.25,314.5,379.75,355.5;0.58;1280,720
INFO:root:280;flag;73.0,320.5,105.875,391.5;0.52;1280,720
INFO:root:285;flag;516.0,2.25,726.0,191.5;0.88;1280,720
INFO:root:285;flag;349.0,268.0,440.0,363.0;0.79;1280,720
INFO:root:285;flag;0.0,331.5,22.46875,386.5;0.24;1280,720
INFO:root:290;flag;448.75,1.8125,647.0,210.25;0.88;1280,720
INFO:root:290;flag;234.25,270.25,357.25,370.75;0.58;1280,720
INFO:root:290;flag;295.75,289.25,356.75,368.25;0.31;1280,720
INFO:root:290;flag;512.0,336.0,551.0,371.0;0.23;1280,720
INFO:root:295;flag;345.0,2.125,548.5,194.625;0.87;1280,720
INFO:root:295;flag;109.3125,268.0,240.25,378.5;0.79;1280,720
INFO:root:295;flag;489.5,334.5,532.5,366.5;0.59;1280,720
INFO:root:300;flag;559.5,267.0,599.5,317.0;0.73;1280,720
INFO:root:300;flag;0.0,234.5,67.25,331.0;0.72;1280,720
INFO:root:300;flag;227.0,305.5,256.5,345.5;0.68;1280,720
INFO:root:300;flag;1009.0,216.625,1045.0,318.5;0.67;1280,720
INFO:root:300;flag;318.75,327.75,339.25,370.25;0.54;1280,720
INFO:root:300;flag;208.625,1.625,411.5,169.75;0.45;1280,720
INFO:root:305;flag;205.75,304.0,253.25,346.0;0.66;1280,720
INFO:root:310;flag;165.25,304.5,215.75,351.5;0.67;1280,720
INFO:root:310;flag;416.5,332.0,455.5,371.5;0.37;1280,720
INFO:root:310;flag;265.0,332.0,287.0,368.0;0.29;1280,720
INFO:root:310;flag;330.75,445.5,359.25,474.5;0.24;1280,720
INFO:root:315;flag;141.375,303.75,177.875,345.25;0.65;1280,720
INFO:root:315;flag;211.25,432.0,245.75,473.0;0.6;1280,720
INFO:root:315;flag;760.0,193.875,820.0,316.0;0.34;1280,720
INFO:root:320;flag;444.5,253.25,495.5,309.75;0.75;1280,720
INFO:root:320;flag;736.0,162.75,844.0,309.75;0.7;1280,720
INFO:root:320;flag;366.75,316.0,404.25,353.5;0.69;1280,720
INFO:root:320;flag;106.125,422.5,143.125,468.5;0.48;1280,720
INFO:root:320;flag;563.0,213.5,625.0,278.0;0.46;1280,720
INFO:root:325;flag;672.0,130.5,742.0,242.5;0.75;1280,720
INFO:root:325;flag;613.5,109.0,678.5,218.0;0.71;1280,720
INFO:root:325;flag;336.75,319.5,384.75,355.5;0.7;1280,720
INFO:root:325;flag;558.0,227.25,594.0,286.75;0.54;1280,720
INFO:root:330;flag;496.25,207.625,568.0,268.5;0.78;1280,720
INFO:root:330;flag;303.5,298.0,353.5,359.0;0.72;1280,720
INFO:root:330;flag;656.5,207.5,691.5,268.0;0.37;1280,720
INFO:root:335;flag;550.0,369.75,750.0,662.0;0.91;1280,720
INFO:root:335;flag;446.5,443.5,501.5,560.5;0.78;1280,720
INFO:root:335;flag;512.5,436.75,559.5,565.0;0.76;1280,720
INFO:root:335;flag;546.0,585.0,584.0,641.0;0.57;1280,720
INFO:root:335;flag;435.5,0.0,806.5,63.6875;0.42;1280,720
INFO:root:335;flag;397.0,594.0,417.0,664.0;0.33;1280,720
INFO:root:335;flag;345.5,506.0,367.5,532.0;0.24;1280,720
INFO:root:335;flag;376.0,607.0,397.0,639.0;0.22;1280,720
INFO:root:340;flag;550.0,369.75,750.0,662.0;0.91;1280,720
INFO:root:340;flag;446.5,443.5,501.5,560.5;0.78;1280,720
INFO:root:340;flag;512.5,436.75,559.5,565.0;0.76;1280,720
INFO:root:340;flag;546.0,585.0,584.0,641.0;0.57;1280,720
INFO:root:340;flag;435.5,0.0,806.5,63.6875;0.42;1280,720
INFO:root:340;flag;397.0,594.0,417.0,664.0;0.33;1280,720
INFO:root:340;flag;345.5,506.0,368.0,532.0;0.24;1280,720
INFO:root:340;flag;376.0,607.0,397.0,639.0;0.22;1280,720
INFO:root:345;flag;550.0,369.75,750.0,662.0;0.91;1280,720
INFO:root:345;flag;446.5,443.5,501.5,560.5;0.78;1280,720
INFO:root:345;flag;512.5,436.25,559.5,564.0;0.76;1280,720
INFO:root:345;flag;546.0,585.5,584.0,640.5;0.57;1280,720
INFO:root:345;flag;435.5,0.0,806.5,63.625;0.42;1280,720
INFO:root:345;flag;397.0,594.0,417.0,664.0;0.34;1280,720
INFO:root:345;flag;345.5,505.0,367.5,533.0;0.23;1280,720
INFO:root:345;flag;375.5,607.0,397.5,639.0;0.21;1280,720
INFO:root:350;flag;550.0,369.75,750.0,662.0;0.91;1280,720
INFO:root:350;flag;446.5,443.5,501.5,560.5;0.78;1280,720
INFO:root:350;flag;512.5,436.25,559.5,564.0;0.76;1280,720
INFO:root:350;flag;546.0,585.5,584.0,640.5;0.57;1280,720
INFO:root:350;flag;435.5,0.0,806.5,63.625;0.42;1280,720
INFO:root:350;flag;397.0,594.0,417.0,664.0;0.34;1280,720
INFO:root:350;flag;345.5,505.0,367.5,533.0;0.23;1280,720
INFO:root:350;flag;375.5,607.0,397.5,639.0;0.21;1280,720
INFO:root:355;flag;550.0,369.75,750.0,662.0;0.91;1280,720
INFO:root:355;flag;446.5,443.75,501.5,560.0;0.77;1280,720
INFO:root:355;flag;512.5,436.75,559.5,563.0;0.76;1280,720
INFO:root:355;flag;546.0,585.0,584.0,641.0;0.58;1280,720
INFO:root:355;flag;435.25,0.0,807.0,63.625;0.41;1280,720
INFO:root:355;flag;397.0,593.5,417.0,664.5;0.33;1280,720
INFO:root:355;flag;376.0,607.0,397.0,639.0;0.22;1280,720
INFO:root:355;flag;345.5,505.5,367.5,532.5;0.22;1280,720
INFO:root:360;flag;550.0,369.75,750.0,662.0;0.91;1280,720
INFO:root:360;flag;446.5,443.75,501.0,560.0;0.77;1280,720
INFO:root:360;flag;512.5,436.25,559.5,564.0;0.76;1280,720
INFO:root:360;flag;546.0,585.0,584.0,641.0;0.59;1280,720
INFO:root:360;flag;435.0,0.0,807.0,63.625;0.41;1280,720
INFO:root:360;flag;397.0,593.5,417.0,664.5;0.33;1280,720
INFO:root:360;flag;345.5,505.5,367.5,532.5;0.22;1280,720
INFO:root:360;flag;375.5,607.0,397.0,639.0;0.22;1280,720
INFO:root:365;flag;557.0,360.5,765.0,664.5;0.92;1280,720
INFO:root:365;flag;449.5,439.0,506.5,558.0;0.79;1280,720
INFO:root:365;flag;518.0,431.5,566.0,566.5;0.76;1280,720
INFO:root:365;flag;553.5,587.0,591.5,641.0;0.6;1280,720
INFO:root:365;flag;453.5,0.25,820.5,42.875;0.34;1280,720
INFO:root:365;flag;397.25,594.0,417.25,666.0;0.31;1280,720
INFO:root:365;flag;467.5,589.0,510.5,621.0;0.28;1280,720
INFO:root:365;flag;375.25,606.5,397.25,639.5;0.27;1280,720
INFO:root:370;flag;562.0,348.75,782.0,667.0;0.92;1280,720
INFO:root:370;flag;453.0,429.5,513.0,556.5;0.78;1280,720
INFO:root:370;flag;521.0,421.75,575.0,558.0;0.75;1280,720
INFO:root:370;flag;559.0,584.5,601.0,642.5;0.62;1280,720
INFO:root:370;flag;397.0,594.0,419.0,668.0;0.33;1280,720
INFO:root:370;flag;369.25,562.5,398.25,641.5;0.25;1280,720
INFO:root:370;flag;343.5,496.5,368.0,524.5;0.22;1280,720
INFO:root:370;flag;374.25,603.0,398.25,640.0;0.21;1280,720
INFO:root:375;flag;570.0,337.5,801.0,671.5;0.92;1280,720
INFO:root:375;flag;454.5,422.0,517.5,554.0;0.79;1280,720
INFO:root:375;flag;528.0,414.0,584.0,557.5;0.78;1280,720
INFO:root:375;flag;569.0,582.5,611.0,643.5;0.58;1280,720
INFO:root:375;flag;393.25,536.0,415.75,564.0;0.36;1280,720
INFO:root:375;flag;340.75,492.0,367.75,523.0;0.25;1280,720
INFO:root:375;flag;396.75,596.0,421.75,672.0;0.23;1280,720
INFO:root:375;flag;369.5,560.5,398.5,641.5;0.21;1280,720
INFO:root:380;flag;582.0,326.5,818.0,673.5;0.92;1280,720
INFO:root:380;flag;458.5,414.0,524.5,553.0;0.81;1280,720
INFO:root:380;flag;535.5,404.5,591.5,564.0;0.75;1280,720
INFO:root:380;flag;575.0,583.0,621.0,647.0;0.62;1280,720
INFO:root:380;flag;393.5,531.5,418.0,560.5;0.38;1280,720
INFO:root:380;flag;480.5,584.5,527.0,623.5;0.36;1280,720
INFO:root:380;flag;392.0,498.0,419.0,562.0;0.33;1280,720
INFO:root:380;flag;398.5,596.0,424.0,674.0;0.28;1280,720
INFO:root:380;flag;206.25,500.0,257.0,554.0;0.24;1280,720
INFO:root:385;flag;586.0,314.75,836.0,677.0;0.92;1280,720
INFO:root:385;flag;461.5,409.0,530.5,551.0;0.81;1280,720
INFO:root:385;flag;540.0,396.5,602.0,557.5;0.78;1280,720
INFO:root:385;flag;584.0,580.0,630.0,648.0;0.64;1280,720
INFO:root:385;flag;390.5,490.0,420.5,562.0;0.35;1280,720
INFO:root:385;flag;399.0,598.0,425.5,676.0;0.34;1280,720
INFO:root:385;flag;194.25,496.0,256.75,558.0;0.3;1280,720
INFO:root:385;flag;485.0,587.0,531.0,623.0;0.27;1280,720
INFO:root:390;flag;592.0,302.5,856.0,679.5;0.93;1280,720
INFO:root:390;flag;465.5,402.5,535.0,545.5;0.81;1280,720
INFO:root:390;flag;546.0,387.5,609.0,559.5;0.76;1280,720
INFO:root:390;flag;589.0,579.0,641.0,651.0;0.68;1280,720
INFO:root:390;flag;489.75,584.5,538.0,624.5;0.53;1280,720
INFO:root:390;flag;186.5,490.0,259.5,564.0;0.49;1280,720
INFO:root:390;flag;399.25,597.5,427.25,679.5;0.41;1280,720
INFO:root:395;flag;601.0,291.0,873.0,681.5;0.92;1280,720
INFO:root:395;flag;468.5,390.0,542.5,544.5;0.82;1280,720
INFO:root:395;flag;552.5,380.0,619.5,557.0;0.77;1280,720
INFO:root:395;flag;601.0,581.0,651.0,653.0;0.71;1280,720
INFO:root:395;flag;332.0,471.0,364.0,509.0;0.37;1280,720
INFO:root:395;flag;393.75,473.0,426.75,683.0;0.34;1280,720
INFO:root:395;flag;400.0,596.0,427.5,682.0;0.32;1280,720
INFO:root:395;flag;176.75,483.5,241.75,562.5;0.22;1280,720
INFO:root:395;flag;361.5,552.0,401.5,651.0;0.21;1280,720
INFO:root:400;flag;607.0,278.0,891.0,684.0;0.92;1280,720
INFO:root:400;flag;470.0,382.0,548.0,543.0;0.83;1280,720
INFO:root:400;flag;559.0,372.0,627.0,553.0;0.75;1280,720
INFO:root:400;flag;605.0,576.0,659.0,655.0;0.7;1280,720
INFO:root:400;flag;330.0,464.5,362.5,505.5;0.46;1280,720
INFO:root:400;flag;394.0,461.5,428.0,686.5;0.33;1280,720
INFO:root:400;flag;358.5,545.0,401.5,653.0;0.3;1280,720
INFO:root:400;flag;400.0,596.5,428.5,684.5;0.28;1280,720
INFO:root:400;flag;170.75,480.5,249.75,564.5;0.21;1280,720
INFO:root:405;flag;615.0,267.5,909.0,687.5;0.92;1280,720
INFO:root:405;flag;474.5,375.5,553.5,541.5;0.82;1280,720
INFO:root:405;flag;564.0,362.5,636.0,552.5;0.78;1280,720
INFO:root:405;flag;617.0,576.0,671.0,656.0;0.67;1280,720
INFO:root:405;flag;161.5,476.5,239.75,565.5;0.44;1280,720
INFO:root:405;flag;394.75,459.0,429.25,689.0;0.41;1280,720
INFO:root:405;flag;328.0,461.0,362.5,499.0;0.38;1280,720
INFO:root:405;flag;400.75,597.5,429.75,686.5;0.25;1280,720
INFO:root:410;flag;621.5,256.5,927.5,690.5;0.93;1280,720
INFO:root:410;flag;477.75,369.0,558.0,538.0;0.81;1280,720
INFO:root:410;flag;571.0,356.0,644.0,546.5;0.74;1280,720
INFO:root:410;flag;622.0,576.0,680.0,656.0;0.72;1280,720
INFO:root:410;flag;155.0,471.75,237.5,564.0;0.64;1280,720
INFO:root:410;flag;393.5,458.75,430.5,681.0;0.38;1280,720
INFO:root:410;flag;325.75,456.0,362.75,497.0;0.3;1280,720
INFO:root:415;flag;630.0,242.5,946.0,694.0;0.94;1280,720
INFO:root:415;flag;482.25,358.0,566.0,537.0;0.81;1280,720
INFO:root:415;flag;578.0,343.5,652.0,543.0;0.79;1280,720
INFO:root:415;flag;146.5,466.0,237.5,565.0;0.75;1280,720
INFO:root:415;flag;631.0,574.5,691.0,660.5;0.74;1280,720
INFO:root:415;flag;394.0,454.25,432.0,694.0;0.42;1280,720
INFO:root:415;vietnam;996.0,370.0,1064.0,498.0;0.2;1280,720
INFO:root:420;flag;639.0,232.0,965.0,697.0;0.92;1280,720
INFO:root:420;flag;485.0,352.0,571.0,535.0;0.82;1280,720
INFO:root:420;flag;584.0,338.5,662.0,539.0;0.82;1280,720
INFO:root:420;flag;637.5,573.5,701.5,662.5;0.76;1280,720
INFO:root:420;flag;139.625,463.0,232.875,565.0;0.67;1280,720
INFO:root:420;flag;393.0,457.75,433.0,692.0;0.41;1280,720
INFO:root:420;flag;352.5,543.0,404.5,659.0;0.24;1280,720
INFO:root:425;flag;648.0,220.125,982.0,700.0;0.93;1280,720
INFO:root:425;flag;486.25,343.0,578.0,533.5;0.84;1280,720
INFO:root:425;flag;589.0,330.5,670.0,540.5;0.8;1280,720
INFO:root:425;flag;648.0,571.0,712.0,661.0;0.73;1280,720
INFO:root:425;flag;128.75,456.75,232.75,565.0;0.51;1280,720
INFO:root:425;flag;395.0,451.25,437.0,697.0;0.39;1280,720
INFO:root:425;flag;354.0,547.0,406.0,659.0;0.21;1280,720
INFO:root:430;flag;656.0,210.5,1000.0,702.0;0.94;1280,720
INFO:root:430;flag;490.25,332.5,582.0,532.5;0.84;1280,720
INFO:root:430;flag;596.0,321.0,680.0,541.0;0.78;1280,720
INFO:root:430;flag;123.25,452.75,229.0,565.0;0.78;1280,720
INFO:root:430;flag;655.0,570.0,721.0,664.0;0.74;1280,720
INFO:root:430;flag;394.5,448.5,438.5,700.5;0.51;1280,720
INFO:root:430;flag;319.0,435.0,358.0,482.0;0.33;1280,720
INFO:root:430;flag;350.5,537.0,407.5,663.0;0.3;1280,720
INFO:root:435;flag;661.0,197.0,1019.0,705.0;0.94;1280,720
INFO:root:435;flag;493.5,325.0,588.5,529.0;0.83;1280,720
INFO:root:435;flag;603.0,311.5,687.0,541.5;0.79;1280,720
INFO:root:435;flag;114.375,447.5,224.625,565.5;0.75;1280,720
INFO:root:435;flag;665.0,572.0,728.0,666.0;0.66;1280,720
INFO:root:435;flag;395.0,446.0,440.0,703.0;0.54;1280,720
INFO:root:435;flag;350.75,539.0,408.25,665.0;0.27;1280,720
INFO:root:435;flag;318.0,430.5,358.0,479.5;0.25;1280,720
INFO:root:440;flag;668.0,185.5,1035.0,706.5;0.93;1280,720
INFO:root:440;flag;498.5,317.5,594.5,526.5;0.84;1280,720
INFO:root:440;flag;609.0,304.5,697.0,536.0;0.82;1280,720
INFO:root:440;flag;106.75,442.75,220.75,565.0;0.8;1280,720
INFO:root:440;flag;674.0,569.0,741.0,669.0;0.71;1280,720
INFO:root:440;flag;396.0,440.5,441.5,707.5;0.55;1280,720
INFO:root:440;flag;314.5,424.0,357.0,476.0;0.3;1280,720
INFO:root:440;flag;351.0,551.0,410.0,667.0;0.27;1280,720
INFO:root:445;flag;678.0,174.0,1054.0,710.0;0.94;1280,720
INFO:root:445;flag;500.25,311.5,600.0,524.5;0.83;1280,720
INFO:root:445;flag;615.0,295.5,705.0,534.5;0.81;1280,720
INFO:root:445;flag;101.375,440.0,214.125,565.0;0.72;1280,720
INFO:root:445;flag;681.0,570.0,751.0,671.0;0.71;1280,720
INFO:root:445;flag;396.5,435.25,442.5,711.0;0.55;1280,720
INFO:root:445;flag;349.5,551.0,410.0,668.0;0.28;1280,720
INFO:root:445;flag;311.25,421.0,356.75,472.5;0.23;1280,720
INFO:root:450;flag;685.0,164.0,1072.0,713.0;0.94;1280,720
INFO:root:450;flag;503.5,303.0,604.5,521.5;0.82;1280,720
INFO:root:450;flag;622.0,289.0,714.0,528.0;0.79;1280,720
INFO:root:450;flag;92.5,436.75,209.0,565.0;0.73;1280,720
INFO:root:450;flag;691.5,569.0,758.5,671.0;0.68;1280,720
INFO:root:450;flag;396.0,428.0,444.0,712.0;0.55;1280,720
INFO:root:450;flag;235.625,426.75,364.5,713.0;0.35;1280,720
INFO:root:450;flag;308.0,419.75,400.0,704.0;0.33;1280,720
INFO:root:450;flag;309.5,416.0,356.5,470.0;0.3;1280,720
INFO:root:450;flag;347.0,545.0,410.5,669.0;0.25;1280,720
INFO:root:455;flag;695.0,150.0,1091.0,716.0;0.93;1280,720
INFO:root:455;flag;507.5,292.0,611.5,521.0;0.83;1280,720
INFO:root:455;flag;627.0,279.0,723.0,534.0;0.82;1280,720
INFO:root:455;flag;85.25,429.5,205.5,564.5;0.8;1280,720
INFO:root:455;flag;697.0,569.0,770.0,674.0;0.72;1280,720
INFO:root:455;flag;396.0,423.5,445.0,713.5;0.61;1280,720
INFO:root:455;flag;307.0,415.75,404.0,696.0;0.47;1280,720
INFO:root:455;flag;308.25,411.25,354.75,464.75;0.33;1280,720
INFO:root:455;flag;234.125,424.0,366.0,714.0;0.3;1280,720
INFO:root:460;flag;701.0,139.0,1109.0,717.0;0.94;1280,720
INFO:root:460;flag;76.8125,425.25,199.25,565.0;0.83;1280,720
INFO:root:460;flag;510.0,289.0,617.0,520.0;0.83;1280,720
INFO:root:460;flag;635.0,270.5,731.0,530.5;0.81;1280,720
INFO:root:460;flag;706.0,566.0,780.0,676.0;0.71;1280,720
INFO:root:460;flag;395.25,420.0,446.75,715.0;0.62;1280,720
INFO:root:460;flag;305.0,410.25,404.5,706.0;0.47;1280,720
INFO:root:460;flag;229.25,420.5,364.25,717.5;0.34;1280,720
INFO:root:460;flag;305.5,406.0,354.5,463.0;0.33;1280,720
INFO:root:465;flag;707.0,129.0,1127.0,717.0;0.94;1280,720
INFO:root:465;flag;514.0,279.5,624.0,515.5;0.84;1280,720
INFO:root:465;flag;68.6875,422.25,196.25,564.0;0.83;1280,720
INFO:root:465;flag;640.0,261.0,740.0,531.0;0.81;1280,720
INFO:root:465;flag;711.0,566.0,789.0,677.0;0.69;1280,720
INFO:root:465;flag;395.5,415.0,448.5,717.0;0.66;1280,720
INFO:root:465;flag;304.5,405.5,404.0,707.5;0.47;1280,720
INFO:root:465;flag;304.0,399.5,353.0,454.5;0.41;1280,720
INFO:root:465;flag;224.125,414.5,362.0,717.5;0.35;1280,720
INFO:root:470;flag;714.0,114.5,1146.0,716.5;0.94;1280,720
INFO:root:470;flag;517.0,268.5,629.0,512.5;0.84;1280,720
INFO:root:470;flag;61.125,416.5,191.75,564.5;0.82;1280,720
INFO:root:470;flag;645.5,255.0,748.5,523.0;0.8;1280,720
INFO:root:470;flag;722.5,569.5,799.5,678.5;0.71;1280,720
INFO:root:470;flag;396.75,412.75,448.75,717.0;0.64;1280,720
INFO:root:470;flag;302.5,402.75,405.5,707.0;0.41;1280,720
INFO:root:470;flag;220.625,410.25,361.5,718.0;0.24;1280,720
INFO:root:475;flag;722.0,102.0,1162.0,717.0;0.94;1280,720
INFO:root:475;flag;521.0,258.0,635.0,509.0;0.84;1280,720
INFO:root:475;flag;53.75,411.75,186.5,564.0;0.83;1280,720
INFO:root:475;flag;652.0,244.5,758.0,526.0;0.82;1280,720
INFO:root:475;flag;722.0,561.0,810.0,681.0;0.69;1280,720
INFO:root:475;flag;397.0,405.0,450.0,719.0;0.68;1280,720
INFO:root:475;flag;298.5,394.5,407.5,704.5;0.48;1280,720
INFO:root:475;flag;215.625,405.0,358.5,718.0;0.25;1280,720
INFO:root:480;flag;732.0,90.5,1181.0,716.5;0.94;1280,720
INFO:root:480;flag;45.375,409.5,183.25,564.5;0.84;1280,720
INFO:root:480;flag;524.0,251.5,640.0,508.5;0.83;1280,720
INFO:root:480;flag;658.0,238.0,766.0,519.0;0.81;1280,720
INFO:root:480;flag;738.5,565.5,819.5,682.5;0.71;1280,720
INFO:root:480;flag;396.0,399.0,450.5,719.0;0.69;1280,720
INFO:root:480;flag;296.75,389.25,406.25,707.0;0.54;1280,720
INFO:root:480;flag;211.0,404.75,358.0,717.0;0.43;1280,720
INFO:root:485;flag;737.0,80.0,1199.0,717.0;0.94;1280,720
INFO:root:485;flag;37.375,405.5,177.5,564.5;0.83;1280,720
INFO:root:485;flag;526.0,247.0,645.0,506.5;0.82;1280,720
INFO:root:485;flag;665.5,229.5,774.5,518.5;0.8;1280,720
INFO:root:485;flag;742.0,564.0,829.0,684.0;0.71;1280,720
INFO:root:485;flag;395.75,394.0,452.25,718.0;0.69;1280,720
INFO:root:485;flag;296.5,385.0,405.5,707.0;0.56;1280,720
INFO:root:485;flag;205.75,398.75,357.25,717.0;0.38;1280,720
INFO:root:490;flag;747.0,68.0,1218.0,717.0;0.94;1280,720
INFO:root:490;flag;29.875,400.5,170.625,564.5;0.84;1280,720
INFO:root:490;flag;531.0,233.5,651.0,505.5;0.82;1280,720
INFO:root:490;flag;671.0,221.5,782.0,518.0;0.8;1280,720
INFO:root:490;flag;756.0,568.0,840.0,686.0;0.73;1280,720
INFO:root:490;flag;397.5,386.75,452.5,717.0;0.69;1280,720
INFO:root:490;flag;294.25,381.25,406.75,709.0;0.57;1280,720
INFO:root:490;flag;204.25,389.5,354.75,716.5;0.33;1280,720
INFO:root:495;flag;751.0,55.5,1236.0,716.5;0.94;1280,720
INFO:root:495;flag;21.375,397.0,167.375,564.0;0.84;1280,720
INFO:root:495;flag;534.0,229.0,658.0,503.0;0.82;1280,720
INFO:root:495;flag;677.0,213.0,793.0,516.0;0.82;1280,720
INFO:root:495;flag;760.0,563.0,850.0,687.0;0.71;1280,720
INFO:root:495;flag;398.25,383.0,453.75,717.0;0.69;1280,720
INFO:root:495;flag;290.5,375.75,405.5,706.0;0.65;1280,720
INFO:root:495;flag;201.625,387.25,354.5,717.0;0.36;1280,720
INFO:root:500;flag;760.0,44.0,1254.0,717.0;0.94;1280,720
INFO:root:500;flag;14.75,390.0,162.75,564.0;0.85;1280,720
INFO:root:500;flag;538.0,224.125,665.0,500.0;0.83;1280,720
INFO:root:500;flag;684.0,203.0,801.0,514.5;0.82;1280,720
INFO:root:500;flag;397.25,378.75,456.25,717.0;0.7;1280,720
INFO:root:500;flag;772.5,563.0,857.5,691.0;0.67;1280,720
INFO:root:500;flag;287.0,369.75,405.0,702.0;0.65;1280,720
INFO:root:500;flag;195.875,382.75,352.0,717.0;0.22;1280,720
INFO:root:505;flag;772.0,33.0,1272.0,716.5;0.94;1280,720
INFO:root:505;flag;3.0,386.5,159.75,564.0;0.84;1280,720
INFO:root:505;flag;540.0,216.625,670.0,497.5;0.82;1280,720
INFO:root:505;flag;689.0,194.0,809.0,514.5;0.81;1280,720
INFO:root:505;flag;778.0,564.0,870.0,694.0;0.73;1280,720
INFO:root:505;flag;397.0,376.5,458.0,716.5;0.7;1280,720
INFO:root:505;flag;286.5,365.5,404.5,703.5;0.64;1280,720
INFO:root:505;flag;191.5,381.75,351.0,716.0;0.27;1280,720
INFO:root:510;flag;776.0,22.0,1280.0,718.0;0.93;1280,720
INFO:root:510;flag;543.5,202.875,674.5,496.0;0.81;1280,720
INFO:root:510;flag;695.5,185.5,817.5,508.0;0.8;1280,720
INFO:root:510;flag;786.0,560.0,879.0,692.0;0.71;1280,720
INFO:root:510;flag;397.0,370.75,461.0,717.0;0.69;1280,720
INFO:root:510;flag;0.25,380.0,154.5,564.0;0.68;1280,720
INFO:root:510;flag;284.0,360.75,405.5,705.0;0.57;1280,720
INFO:root:510;flag;186.875,377.5,350.0,716.5;0.3;1280,720
INFO:root:510;flag;284.5,356.0,347.5,424.0;0.29;1280,720
INFO:root:515;flag;782.0,9.5,1280.0,717.5;0.93;1280,720
INFO:root:515;flag;546.5,195.5,680.5,493.0;0.82;1280,720
INFO:root:515;flag;702.0,178.125,828.0,509.0;0.82;1280,720
INFO:root:515;flag;400.0,365.0,462.0,716.0;0.66;1280,720
INFO:root:515;flag;792.0,557.0,888.0,695.0;0.65;1280,720
INFO:root:515;flag;282.0,354.0,408.0,702.0;0.6;1280,720
INFO:root:515;flag;0.25,363.0,148.75,564.5;0.57;1280,720
INFO:root:515;flag;183.25,373.0,348.25,716.0;0.51;1280,720
INFO:root:515;flag;772.5,532.0,886.5,694.0;0.32;1280,720
INFO:root:515;flag;0.125,274.5,151.0,565.5;0.28;1280,720
INFO:root:515;flag;283.25,350.25,346.25,423.25;0.22;1280,720
INFO:root:520;flag;791.5,3.0,1280.0,717.0;0.93;1280,720
INFO:root:520;flag;549.0,187.375,686.0,490.5;0.83;1280,720
INFO:root:520;flag;707.0,174.875,833.0,508.0;0.81;1280,720
INFO:root:520;flag;803.0,562.0,894.0,694.0;0.66;1280,720
INFO:root:520;flag;400.5,361.0,463.5,716.0;0.64;1280,720
INFO:root:520;flag;281.5,350.5,408.5,703.5;0.61;1280,720
INFO:root:520;flag;0.0,355.5,143.25,565.0;0.47;1280,720
INFO:root:520;flag;181.0,368.25,347.0,716.0;0.44;1280,720
INFO:root:520;flag;0.25,252.0,145.5,565.5;0.27;1280,720
INFO:root:520;flag;0.125,66.125,145.875,566.0;0.2;1280,720
INFO:root:525;flag;790.0,3.0,1280.0,717.0;0.93;1280,720
INFO:root:525;flag;549.0,187.0,687.0,491.5;0.83;1280,720
INFO:root:525;flag;707.5,172.0,833.5,505.0;0.82;1280,720
INFO:root:525;flag;399.5,358.75,463.5,715.0;0.67;1280,720
INFO:root:525;flag;281.5,350.25,409.5,702.0;0.62;1280,720
INFO:root:525;flag;802.5,555.0,896.5,697.0;0.55;1280,720
INFO:root:525;flag;0.25,362.5,142.375,564.5;0.52;1280,720
INFO:root:525;flag;180.0,368.25,347.0,716.0;0.33;1280,720
INFO:root:525;flag;778.0,535.0,896.0,697.0;0.29;1280,720
INFO:root:525;flag;0.125,276.0,144.125,565.5;0.24;1280,720
INFO:root:525;flag;341.75,532.5,419.75,690.5;0.23;1280,720
INFO:root:530;flag;790.0,3.0,1280.0,717.0;0.93;1280,720
INFO:root:530;flag;549.0,187.0,687.0,491.5;0.83;1280,720
INFO:root:530;flag;707.5,172.0,833.5,505.0;0.82;1280,720
INFO:root:530;flag;399.5,359.0,463.5,716.0;0.67;1280,720
INFO:root:530;flag;281.5,350.25,409.5,702.0;0.62;1280,720
INFO:root:530;flag;802.5,555.0,896.5,696.0;0.56;1280,720
INFO:root:530;flag;0.25,362.5,142.375,564.5;0.52;1280,720
INFO:root:530;flag;180.0,368.25,347.0,716.0;0.33;1280,720
INFO:root:530;flag;778.0,535.0,896.0,697.0;0.29;1280,720
INFO:root:530;flag;0.125,276.0,144.125,565.5;0.24;1280,720
INFO:root:530;flag;341.75,532.5,419.75,690.5;0.23;1280,720
INFO:root:535;flag;790.0,3.0,1280.0,717.0;0.93;1280,720
INFO:root:535;flag;549.0,187.0,687.0,491.5;0.83;1280,720
INFO:root:535;flag;708.0,172.0,834.0,506.0;0.82;1280,720
INFO:root:535;flag;400.25,358.75,463.25,715.0;0.67;1280,720
INFO:root:535;flag;281.5,350.25,409.0,702.0;0.61;1280,720
INFO:root:535;flag;785.0,545.0,897.0,697.0;0.56;1280,720
INFO:root:535;flag;0.25,362.5,142.75,564.5;0.51;1280,720
INFO:root:535;flag;179.875,368.25,347.0,716.0;0.33;1280,720
INFO:root:535;flag;0.125,273.0,144.375,565.5;0.24;1280,720
INFO:root:535;flag;341.75,532.0,419.25,690.0;0.23;1280,720
INFO:root:540;flag;790.0,3.0,1280.0,717.0;0.93;1280,720
INFO:root:540;flag;549.0,186.5,687.0,492.0;0.83;1280,720
INFO:root:540;flag;708.0,172.0,834.0,506.0;0.82;1280,720
INFO:root:540;flag;400.0,358.75,463.0,715.0;0.67;1280,720
INFO:root:540;flag;281.5,350.25,409.0,702.0;0.61;1280,720
INFO:root:540;flag;785.0,545.0,897.0,697.0;0.57;1280,720
INFO:root:540;flag;0.25,362.5,142.75,564.5;0.51;1280,720
INFO:root:540;flag;179.875,369.0,347.0,716.0;0.34;1280,720
INFO:root:540;flag;0.125,272.5,144.5,565.5;0.24;1280,720
INFO:root:540;flag;341.75,531.5,419.25,690.5;0.22;1280,720
INFO:root:545;flag;790.0,3.0,1280.0,717.0;0.93;1280,720
INFO:root:545;flag;549.0,186.5,687.0,492.0;0.83;1280,720
INFO:root:545;flag;708.0,172.0,834.0,506.0;0.82;1280,720
INFO:root:545;flag;400.0,359.5,463.0,715.5;0.67;1280,720
INFO:root:545;flag;281.5,350.25,409.0,702.0;0.61;1280,720
INFO:root:545;flag;785.0,545.0,897.0,697.0;0.57;1280,720
INFO:root:545;flag;0.25,362.5,142.75,564.5;0.51;1280,720
INFO:root:545;flag;179.875,369.0,347.0,716.0;0.34;1280,720
INFO:root:545;flag;0.125,272.5,144.5,565.5;0.24;1280,720
INFO:root:545;flag;341.75,531.5,419.25,690.5;0.22;1280,720
INFO:root:550;flag;790.0,3.0,1280.0,717.0;0.93;1280,720
INFO:root:550;flag;549.0,187.0,687.0,491.5;0.83;1280,720
INFO:root:550;flag;708.0,172.0,834.0,506.0;0.82;1280,720
INFO:root:550;flag;400.0,358.75,463.0,715.0;0.67;1280,720
INFO:root:550;flag;281.5,350.25,409.0,702.0;0.61;1280,720
INFO:root:550;flag;785.5,545.0,896.5,697.0;0.58;1280,720
INFO:root:550;flag;0.125,362.5,142.625,564.5;0.51;1280,720
INFO:root:550;flag;179.875,369.0,347.0,716.0;0.35;1280,720
INFO:root:550;flag;0.125,271.5,144.5,565.5;0.24;1280,720
INFO:root:550;flag;341.75,531.5,419.25,690.5;0.22;1280,720
INFO:root:555;flag;790.0,3.0,1280.0,717.0;0.93;1280,720
INFO:root:555;flag;549.0,187.0,687.0,491.5;0.83;1280,720
INFO:root:555;flag;708.0,172.0,834.0,506.0;0.82;1280,720
INFO:root:555;flag;400.0,358.75,463.0,715.0;0.67;1280,720
INFO:root:555;flag;281.5,350.25,409.0,702.0;0.61;1280,720
INFO:root:555;flag;785.5,545.0,896.5,697.0;0.58;1280,720
INFO:root:555;flag;0.125,362.5,142.625,564.5;0.51;1280,720
INFO:root:555;flag;179.875,369.0,347.0,716.0;0.35;1280,720
INFO:root:555;flag;0.125,271.5,144.5,565.5;0.24;1280,720
INFO:root:555;flag;341.75,531.5,419.25,690.5;0.22;1280,720
INFO:root:560;flag;790.0,3.0,1280.0,717.0;0.93;1280,720
INFO:root:560;flag;549.0,187.0,687.0,491.5;0.83;1280,720
INFO:root:560;flag;708.0,172.0,834.0,506.0;0.82;1280,720
INFO:root:560;flag;400.0,359.5,463.0,715.5;0.67;1280,720
INFO:root:560;flag;281.5,350.25,409.0,702.0;0.61;1280,720
INFO:root:560;flag;785.5,545.0,896.5,697.0;0.58;1280,720
INFO:root:560;flag;0.125,362.5,142.625,564.5;0.51;1280,720
INFO:root:560;flag;179.875,369.0,347.0,716.0;0.35;1280,720
INFO:root:560;flag;0.125,272.5,144.5,565.5;0.24;1280,720
INFO:root:560;flag;341.75,531.5,419.25,690.5;0.22;1280,720
INFO:root:565;flag;790.0,3.0,1280.0,717.0;0.93;1280,720
INFO:root:565;flag;549.0,187.0,687.0,491.5;0.83;1280,720
INFO:root:565;flag;708.0,172.0,834.0,506.0;0.82;1280,720
INFO:root:565;flag;400.0,358.75,463.0,715.0;0.67;1280,720
INFO:root:565;flag;281.5,350.25,409.0,702.0;0.61;1280,720
INFO:root:565;flag;785.5,545.0,896.5,697.0;0.58;1280,720
INFO:root:565;flag;0.125,362.5,142.625,564.5;0.51;1280,720
INFO:root:565;flag;179.875,369.0,347.0,716.0;0.35;1280,720
INFO:root:565;flag;0.125,271.5,144.5,565.5;0.24;1280,720
INFO:root:565;flag;341.75,531.5,419.25,690.5;0.22;1280,720
INFO:root:570;flag;790.0,3.0,1280.0,717.0;0.93;1280,720
INFO:root:570;flag;549.0,187.0,687.0,491.5;0.83;1280,720
INFO:root:570;flag;708.0,172.0,834.0,506.0;0.82;1280,720
INFO:root:570;flag;400.0,358.75,463.0,715.0;0.67;1280,720
INFO:root:570;flag;281.5,350.25,409.0,702.0;0.61;1280,720
INFO:root:570;flag;785.5,545.0,896.5,697.0;0.58;1280,720
INFO:root:570;flag;0.125,362.5,142.625,564.5;0.51;1280,720
INFO:root:570;flag;179.875,369.0,347.0,716.0;0.35;1280,720
INFO:root:570;flag;0.125,271.5,144.5,565.5;0.24;1280,720
INFO:root:570;flag;341.75,531.5,419.25,690.5;0.22;1280,720
INFO:root:575;flag;790.0,3.0,1280.0,717.0;0.93;1280,720
INFO:root:575;flag;549.0,187.0,687.0,491.5;0.83;1280,720
INFO:root:575;flag;708.0,172.0,834.0,506.0;0.82;1280,720
INFO:root:575;flag;400.0,358.75,463.0,715.0;0.67;1280,720
INFO:root:575;flag;281.5,350.25,409.0,702.0;0.61;1280,720
INFO:root:575;flag;785.5,545.0,896.5,697.0;0.57;1280,720
INFO:root:575;flag;0.125,362.5,142.625,564.5;0.51;1280,720
INFO:root:575;flag;179.875,369.0,347.0,716.0;0.34;1280,720
INFO:root:575;flag;0.125,271.5,144.5,565.5;0.24;1280,720
INFO:root:575;flag;341.75,531.5,419.25,690.5;0.22;1280,720
INFO:root:775;flag;231.5,111.375,695.0,503.5;0.91;1280,720
INFO:root:780;flag;230.0,111.875,695.0,506.0;0.91;1280,720
INFO:root:785;flag;227.0,111.0,696.0,506.0;0.91;1280,720
INFO:root:790;flag;226.5,111.0,696.0,507.0;0.91;1280,720
INFO:root:795;flag;225.125,110.5,696.0,509.0;0.91;1280,720
INFO:root:800;flag;223.375,114.0,696.5,510.0;0.91;1280,720
INFO:root:805;flag;223.125,113.875,697.0,511.0;0.91;1280,720
INFO:root:810;flag;220.5,112.0,699.0,513.0;0.91;1280,720
INFO:root:815;flag;220.0,111.0,699.0,514.0;0.91;1280,720
INFO:root:820;flag;218.0,112.0,699.0,515.5;0.91;1280,720
INFO:root:825;flag;217.5,111.5,700.0,517.5;0.91;1280,720
INFO:root:830;flag;215.125,111.5,700.0,519.0;0.91;1280,720
INFO:root:835;flag;215.5,112.0,700.5,519.0;0.92;1280,720
INFO:root:840;flag;214.0,112.625,701.0,519.5;0.92;1280,720
INFO:root:845;flag;211.0,110.0,701.0,523.0;0.9;1280,720
INFO:root:850;flag;210.5,109.5,701.5,524.0;0.9;1280,720
INFO:root:855;flag;208.625,110.0,701.5,524.5;0.9;1280,720
INFO:root:860;flag;206.0,108.875,703.0,528.0;0.91;1280,720
INFO:root:865;flag;206.0,108.5,703.0,528.5;0.91;1280,720
INFO:root:870;flag;201.0,108.375,704.0,531.5;0.91;1280,720
INFO:root:875;flag;200.0,107.625,704.0,532.5;0.91;1280,720
INFO:root:880;flag;198.875,108.125,704.0,534.0;0.91;1280,720
INFO:root:885;flag;197.5,108.125,705.0,536.0;0.91;1280,720
INFO:root:890;flag;196.0,108.0,705.0,536.0;0.91;1280,720
INFO:root:895;flag;194.0,107.875,706.0,538.0;0.91;1280,720
INFO:root:900;flag;193.0,108.5,706.0,539.0;0.91;1280,720
INFO:root:905;flag;190.5,106.875,706.5,540.0;0.91;1280,720
INFO:root:910;flag;190.5,106.875,707.0,541.0;0.91;1280,720
INFO:root:915;flag;190.5,105.875,707.0,542.0;0.91;1280,720
INFO:root:920;flag;187.5,105.5,707.0,542.5;0.91;1280,720
INFO:root:925;flag;186.5,107.0,707.5,544.0;0.91;1280,720
INFO:root:930;flag;185.0,106.125,708.5,550.0;0.91;1280,720
INFO:root:935;flag;183.0,106.0,708.5,549.5;0.91;1280,720
INFO:root:940;flag;182.5,106.875,709.0,552.0;0.91;1280,720
INFO:root:945;flag;181.0,105.125,709.5,553.0;0.91;1280,720
INFO:root:950;flag;179.5,105.125,710.0,554.0;0.91;1280,720
INFO:root:955;flag;179.0,104.875,710.0,555.0;0.92;1280,720
INFO:root:960;flag;178.0,104.875,710.5,556.0;0.92;1280,720
INFO:root:965;flag;175.0,101.375,711.5,559.5;0.92;1280,720
INFO:root:970;flag;174.0,101.0,712.0,560.0;0.92;1280,720
INFO:root:975;flag;174.0,100.625,712.0,561.5;0.92;1280,720
INFO:root:980;flag;172.0,100.0,713.0,563.5;0.92;1280,720
INFO:root:985;flag;170.5,100.625,714.0,564.5;0.92;1280,720
INFO:root:990;flag;167.5,101.0,714.5,568.0;0.92;1280,720
INFO:root:995;flag;166.0,101.875,714.5,568.0;0.92;1280,720
INFO:root:1000;flag;165.5,101.375,715.0,568.5;0.92;1280,720
INFO:root:1005;flag;165.0,100.0,716.0,570.0;0.92;1280,720
INFO:root:1010;flag;162.5,100.5,716.5,572.5;0.92;1280,720
INFO:root:1015;flag;160.5,99.625,717.0,574.5;0.91;1280,720
INFO:root:1020;flag;160.0,97.5,717.5,574.0;0.92;1280,720
INFO:root:1025;flag;157.0,100.0,718.5,577.5;0.91;1280,720
INFO:root:1030;flag;156.5,100.0,719.0,578.5;0.91;1280,720
INFO:root:1035;flag;153.5,100.0,719.0,579.5;0.91;1280,720
INFO:root:1040;flag;152.5,103.5,720.5,583.0;0.91;1280,720
INFO:root:1045;flag;150.5,104.125,721.0,584.0;0.91;1280,720
INFO:root:1050;flag;150.0,104.625,722.0,585.5;0.91;1280,720
INFO:root:1055;flag;149.0,104.875,722.0,586.0;0.91;1280,720
INFO:root:1060;flag;146.5,105.0,722.5,587.0;0.91;1280,720
INFO:root:1065;flag;144.5,103.5,724.0,588.5;0.91;1280,720
INFO:root:1070;flag;143.0,103.5,724.0,590.0;0.91;1280,720
INFO:root:1075;flag;141.0,103.875,724.0,591.0;0.91;1280,720
INFO:root:1080;flag;140.5,104.0,724.5,591.5;0.91;1280,720
INFO:root:1085;flag;137.5,102.5,725.5,594.5;0.91;1280,720
INFO:root:1090;flag;137.0,103.375,725.5,596.5;0.91;1280,720
INFO:root:1095;flag;134.0,103.0,725.5,598.5;0.91;1280,720
INFO:root:1100;flag;131.5,103.5,726.5,598.5;0.91;1280,720
INFO:root:1105;flag;131.5,104.0,727.0,601.5;0.91;1280,720
INFO:root:1110;flag;129.5,104.625,727.5,605.5;0.91;1280,720
INFO:root:1115;flag;130.0,104.375,728.0,605.5;0.91;1280,720
INFO:root:1120;flag;129.0,104.375,728.0,607.5;0.91;1280,720
INFO:root:1125;flag;127.5,104.0,729.0,608.5;0.9;1280,720
INFO:root:1130;flag;127.0,104.0,729.0,610.0;0.9;1280,720
INFO:root:1135;flag;125.0,105.5,730.0,610.5;0.9;1280,720
INFO:root:1140;flag;125.0,105.125,730.0,612.0;0.9;1280,720
INFO:root:1145;flag;123.0,105.375,730.0,615.5;0.9;1280,720
INFO:root:1150;flag;122.5,105.125,730.5,617.0;0.9;1280,720
INFO:root:1155;flag;119.5,105.5,731.0,617.5;0.9;1280,720
INFO:root:1160;flag;119.5,105.5,731.0,618.5;0.9;1280,720
INFO:root:1165;flag;119.5,106.375,732.0,617.5;0.9;1280,720
INFO:root:1170;flag;115.0,105.0,732.0,619.0;0.9;1280,720
INFO:root:1175;flag;115.0,104.5,732.0,620.5;0.9;1280,720
INFO:root:1180;flag;115.0,105.0,732.0,622.0;0.9;1280,720
INFO:root:1185;flag;113.0,104.5,733.0,623.0;0.9;1280,720
INFO:root:1190;flag;113.0,104.0,733.0,623.0;0.9;1280,720
INFO:root:1195;flag;112.0,106.0,730.0,624.0;0.9;1280,720
INFO:root:1200;flag;112.0,106.0,730.0,624.0;0.9;1280,720
INFO:root:1205;flag;112.5,104.0,733.0,624.0;0.9;1280,720
INFO:root:1210;flag;111.5,106.0,730.5,624.0;0.9;1280,720
INFO:root:1215;flag;111.5,106.0,730.5,624.0;0.9;1280,720
INFO:root:1220;flag;112.0,106.0,730.0,624.0;0.9;1280,720
INFO:root:1225;flag;112.0,106.0,730.0,624.0;0.9;1280,720
INFO:root:1230;flag;647.5,328.75,671.5,353.25;0.31;1280,720
INFO:root:1235;flag;735.0,331.5,755.0,353.5;0.21;1280,720
INFO:root:1275;flag;500.25,325.0,562.0,365.0;0.24;1280,720
INFO:root:1315;flag;1007.0,296.5,1025.0,324.0;0.25;1280,720
INFO:root:1335;flag;871.0,330.5,899.0,352.5;0.36;1280,720
INFO:root:1345;flag;440.5,321.25,465.5,351.75;0.39;1280,720
INFO:root:1350;flag;526.0,315.25,548.0,351.75;0.64;1280,720
INFO:root:1350;flag;1174.0,286.25,1206.0,327.25;0.2;1280,720
INFO:root:1370;flag;1136.0,289.5,1196.0,331.5;0.62;1280,720
INFO:root:1375;flag;971.0,253.0,993.0,307.0;0.41;1280,720
INFO:root:1375;flag;1058.0,298.0,1074.0,339.0;0.21;1280,720
INFO:root:1380;flag;1054.0,288.0,1074.0,316.5;0.27;1280,720
INFO:root:1380;flag;824.5,331.0,854.5,355.0;0.2;1280,720
INFO:root:1385;flag;1144.0,275.25,1184.0,320.25;0.42;1280,720
INFO:root:1390;flag;1078.0,255.0,1122.0,293.5;0.3;1280,720
INFO:root:1395;flag;425.5,301.25,448.0,336.75;0.47;1280,720
INFO:root:1395;flag;945.5,246.25,977.5,290.25;0.2;1280,720
INFO:root:1400;flag;1084.0,258.0,1142.0,309.0;0.75;1280,720
INFO:root:1400;flag;574.0,326.75,604.0,348.75;0.24;1280,720
INFO:root:1405;flag;943.0,241.75,973.0,302.25;0.69;1280,720
INFO:root:1405;flag;1148.0,282.75,1198.0,329.25;0.65;1280,720
INFO:root:1410;flag;1167.0,293.5,1215.0,343.5;0.34;1280,720
INFO:root:1420;flag;1060.0,242.5,1116.0,291.5;0.49;1280,720
INFO:root:1425;flag;1004.5,224.5,1048.0,278.5;0.75;1280,720
INFO:root:1425;flag;848.0,230.0,884.0,291.0;0.71;1280,720
INFO:root:1430;flag;980.0,238.5,1030.0,293.5;0.71;1280,720
INFO:root:1435;flag;811.0,213.0,853.0,284.5;0.77;1280,720
INFO:root:1435;flag;1012.0,253.0,1076.0,306.0;0.73;1280,720
INFO:root:1440;flag;1048.0,277.5,1106.0,325.5;0.28;1280,720
INFO:root:1445;flag;769.0,217.75,806.0,287.75;0.76;1280,720
INFO:root:1445;flag;1063.0,287.5,1123.0,346.5;0.7;1280,720
INFO:root:1450;flag;1023.0,253.75,1071.0,313.25;0.71;1280,720
INFO:root:1455;flag;945.0,212.5,1007.0,274.0;0.8;1280,720
INFO:root:1455;flag;713.5,189.25,776.5,269.75;0.75;1280,720
INFO:root:1460;flag;895.5,209.125,941.5,269.0;0.76;1280,720
INFO:root:1460;flag;682.5,191.5,734.5,268.5;0.74;1280,720
INFO:root:1460;flag;1128.0,257.75,1154.0,304.75;0.3;1280,720
INFO:root:1460;flag;543.0,315.0,561.0,343.0;0.23;1280,720
INFO:root:1465;flag;879.0,206.0,961.0,275.0;0.8;1280,720
INFO:root:1465;flag;657.0,177.0,710.0,270.5;0.76;1280,720
INFO:root:1470;flag;966.0,218.25,1028.0,289.25;0.79;1280,720
INFO:root:1475;flag;978.0,219.5,1050.0,292.5;0.78;1280,720
INFO:root:1475;flag;623.0,161.5,675.0,253.0;0.58;1280,720
INFO:root:1480;flag;944.0,195.5,1002.0,284.0;0.78;1280,720
INFO:root:1480;flag;603.0,156.0,663.0,252.75;0.74;1280,720
INFO:root:1485;flag;895.0,166.75,947.0,249.0;0.69;1280,720
INFO:root:1485;flag;364.0,301.75,390.0,343.75;0.62;1280,720
INFO:root:1485;flag;1128.0,217.75,1188.0,280.25;0.43;1280,720
INFO:root:1485;flag;572.0,118.5,658.0,243.5;0.43;1280,720
INFO:root:1485;flag;571.5,118.0,699.5,248.5;0.4;1280,720
INFO:root:1490;flag;531.5,97.6875,602.5,220.25;0.82;1280,720
INFO:root:1490;flag;861.0,144.5,931.0,229.0;0.79;1280,720
INFO:root:1490;flag;1102.0,205.75,1166.0,273.25;0.77;1280,720
INFO:root:1490;flag;1165.0,293.5,1225.0,361.5;0.41;1280,720
INFO:root:1490;flag;909.0,299.0,933.0,331.0;0.33;1280,720
INFO:root:1495;flag;848.0,128.125,890.0,219.125;0.78;1280,720
INFO:root:1495;flag;481.75,94.3125,598.0,225.75;0.72;1280,720
INFO:root:1495;flag;481.75,95.125,552.0,202.875;0.28;1280,720
INFO:root:1500;flag;828.0,108.5,882.0,221.0;0.8;1280,720
INFO:root:1500;flag;426.5,79.6875,511.5,205.25;0.8;1280,720
INFO:root:1500;flag;1182.0,319.5,1244.0,401.5;0.64;1280,720
INFO:root:1505;flag;370.5,63.1875,492.5,210.75;0.8;1280,720
INFO:root:1510;flag;305.25,55.9375,402.75,204.0;0.83;1280,720
INFO:root:1510;flag;892.5,120.125,993.5,226.625;0.81;1280,720
INFO:root:1510;flag;1072.0,255.5,1092.0,284.5;0.24;1280,720
INFO:root:1510;flag;49.25,261.5,67.75,296.5;0.22;1280,720
INFO:root:1515;flag;227.5,60.75,371.5,216.5;0.84;1280,720
INFO:root:1515;flag;799.0,64.875,881.0,179.625;0.8;1280,720
INFO:root:1515;flag;1090.0,179.75,1156.0,261.0;0.71;1280,720
INFO:root:1515;flag;1089.0,176.5,1227.0,271.0;0.22;1280,720
INFO:root:1520;flag;124.0,32.0,240.0,213.25;0.85;1280,720
INFO:root:1520;flag;1081.0,176.25,1167.0,265.5;0.83;1280,720
INFO:root:1520;flag;692.0,11.0,792.0,132.0;0.81;1280,720
INFO:root:1520;flag;529.0,308.5,551.0,341.5;0.21;1280,720
INFO:root:1525;flag;592.5,8.78125,691.5,124.25;0.82;1280,720
INFO:root:1525;flag;1088.0,329.25,1168.0,410.75;0.79;1280,720
INFO:root:1525;flag;1.125,7.0,149.875,205.5;0.78;1280,720
INFO:root:1525;flag;1264.0,236.0,1280.0,301.0;0.52;1280,720
INFO:root:1530;flag;571.0,3.0,653.0,114.625;0.81;1280,720
INFO:root:1530;flag;1155.0,235.0,1247.0,307.0;0.78;1280,720
INFO:root:1530;flag;0.0,109.5,136.0,216.5;0.72;1280,720
INFO:root:1530;flag;1122.0,325.5,1208.0,389.5;0.71;1280,720
INFO:root:1530;flag;1260.0,235.5,1280.0,300.0;0.51;1280,720
INFO:root:1530;flag;1048.0,263.75,1080.0,299.75;0.35;1280,720
INFO:root:1530;flag;671.0,311.0,695.0,356.0;0.26;1280,720
INFO:root:1535;flag;1133.0,238.0,1213.0,335.0;0.7;1280,720
INFO:root:1535;flag;584.0,2.75,708.0,145.0;0.67;1280,720
INFO:root:1535;flag;1128.0,321.5,1208.0,410.5;0.64;1280,720
INFO:root:1535;flag;1252.0,238.25,1280.0,314.75;0.32;1280,720
INFO:root:1540;flag;1062.0,173.25,1152.0,289.5;0.83;1280,720
INFO:root:1540;flag;433.0,1.3125,531.5,70.75;0.79;1280,720
INFO:root:1545;flag;993.0,127.25,1065.0,236.75;0.47;1280,720
INFO:root:1545;flag;995.0,129.0,1131.0,251.75;0.33;1280,720
INFO:root:1550;flag;1185.0,209.625,1229.0,268.5;0.73;1280,720
INFO:root:1550;flag;1017.0,132.0,1115.0,255.75;0.66;1280,720
INFO:root:1550;flag;948.5,315.5,1018.5,388.5;0.5;1280,720
INFO:root:1550;flag;602.5,318.25,623.5,362.25;0.24;1280,720
INFO:root:1555;flag;1013.5,146.0,1106.0,282.25;0.71;1280,720
INFO:root:1555;flag;1182.0,226.0,1242.0,299.5;0.43;1280,720
INFO:root:1555;flag;580.0,318.0,608.0,365.5;0.4;1280,720
INFO:root:1555;flag;400.5,315.5,427.5,349.5;0.28;1280,720
INFO:root:1555;flag;234.625,239.5,279.5,370.5;0.28;1280,720
INFO:root:1555;flag;235.0,240.0,289.0,417.0;0.27;1280,720
INFO:root:1560;flag;975.0,178.25,1105.0,316.75;0.81;1280,720
INFO:root:1560;flag;381.75,321.5,407.75,360.5;0.66;1280,720
INFO:root:1560;flag;136.5,251.5,187.5,442.5;0.58;1280,720
INFO:root:1560;flag;569.5,322.0,593.5,365.0;0.41;1280,720
INFO:root:1560;flag;1076.0,329.5,1128.0,387.0;0.4;1280,720
INFO:root:1565;flag;887.0,142.0,1027.0,317.0;0.81;1280,720
INFO:root:1565;flag;367.5,338.0,390.0,384.0;0.26;1280,720
INFO:root:1570;flag;820.0,111.5,960.0,312.75;0.82;1280,720
INFO:root:1575;flag;759.0,95.25,943.0,310.5;0.87;1280,720
INFO:root:1580;flag;679.0,109.5,841.0,326.0;0.86;1280,720
INFO:root:1580;flag;95.75,341.0,121.5,394.0;0.52;1280,720
INFO:root:1585;flag;604.5,63.75,759.5,297.25;0.87;1280,720
INFO:root:1585;flag;59.28125,343.0,88.75,395.0;0.45;1280,720
INFO:root:1590;flag;507.5,39.8125,650.5,269.25;0.86;1280,720
INFO:root:1590;flag;790.0,310.25,883.0,463.75;0.79;1280,720
INFO:root:1590;flag;759.5,331.75,789.5,367.75;0.41;1280,720
INFO:root:1590;flag;943.0,347.0,1006.0,415.0;0.22;1280,720
INFO:root:1595;flag;397.0,26.75,650.0,323.25;0.9;1280,720
INFO:root:1600;flag;232.625,5.0,552.5,322.5;0.9;1280,720
INFO:root:1600;flag;863.0,253.5,885.0,289.5;0.43;1280,720
INFO:root:1600;flag;397.75,328.0,414.25,365.0;0.33;1280,720
INFO:root:1600;flag;838.0,300.75,862.0,329.25;0.21;1280,720
INFO:root:1605;flag;1.0,3.25,304.5,270.25;0.89;1280,720
INFO:root:1605;flag;267.75,271.0,388.25,512.0;0.87;1280,720
INFO:root:1605;flag;1036.0,190.125,1090.0,301.0;0.73;1280,720
INFO:root:1610;flag;0.0,3.5,261.0,283.5;0.85;1280,720
INFO:root:1610;flag;192.25,272.5,360.25,432.5;0.81;1280,720
INFO:root:1610;flag;1015.0,182.875,1091.0,290.0;0.77;1280,720
INFO:root:1610;flag;195.0,382.75,358.5,432.25;0.48;1280,720
INFO:root:1615;flag;1013.5,168.5,1094.0,287.0;0.82;1280,720
INFO:root:1615;flag;0.0625,6.25,79.25,271.75;0.72;1280,720
INFO:root:1615;flag;280.0,239.5,497.0,406.5;0.61;1280,720
INFO:root:1620;flag;1008.5,158.25,1080.0,295.0;0.8;1280,720
INFO:root:1620;flag;369.5,211.375,479.5,451.5;0.75;1280,720
INFO:root:1620;flag;736.5,343.0,817.5,443.0;0.3;1280,720
INFO:root:1625;flag;131.25,271.25,347.75,400.75;0.82;1280,720
INFO:root:1625;flag;969.0,149.25,1075.0,283.25;0.81;1280,720
INFO:root:1630;flag;929.0,123.0,1040.0,262.75;0.82;1280,720
INFO:root:1630;flag;1212.0,269.5,1248.0,321.0;0.59;1280,720
INFO:root:1635;flag;891.5,126.5,963.5,234.25;0.78;1280,720
INFO:root:1635;flag;1067.0,222.5,1171.0,284.0;0.71;1280,720
INFO:root:1635;flag;1192.0,288.25,1248.0,339.75;0.46;1280,720
INFO:root:1635;flag;569.0,322.0,711.0,428.0;0.34;1280,720
INFO:root:1640;flag;861.0,121.75,929.0,200.25;0.34;1280,720
INFO:root:1640;flag;540.0,386.5,600.0,461.5;0.34;1280,720
INFO:root:1645;flag;833.0,87.75,979.0,248.0;0.82;1280,720
INFO:root:1645;flag;123.6875,318.5,165.75,390.5;0.53;1280,720
INFO:root:1645;flag;717.5,290.0,760.5,331.0;0.32;1280,720
INFO:root:1645;flag;930.0,340.75,995.0,442.75;0.29;1280,720
INFO:root:1650;flag;786.0,63.0625,967.0,242.0;0.86;1280,720
INFO:root:1650;flag;89.625,322.5,145.125,391.0;0.74;1280,720
INFO:root:1650;flag;702.5,283.0,731.5,323.0;0.63;1280,720
INFO:root:1650;flag;622.0,301.25,692.0,359.25;0.62;1280,720
INFO:root:1650;flag;393.0,316.5,422.0,352.5;0.3;1280,720
INFO:root:1655;flag;738.5,39.75,901.5,234.0;0.85;1280,720
INFO:root:1655;flag;580.0,289.5,646.0,352.5;0.48;1280,720
INFO:root:1655;flag;692.0,284.5,719.0,334.5;0.31;1280,720
INFO:root:1660;flag;673.0,6.5,779.0,191.75;0.8;1280,720
INFO:root:1660;flag;668.0,286.75,725.0,335.25;0.73;1280,720
INFO:root:1660;flag;96.5,318.5,128.75,390.5;0.66;1280,720
INFO:root:1660;flag;479.25,281.25,589.0,369.25;0.44;1280,720
INFO:root:1665;flag;582.0,2.5,755.0,189.75;0.88;1280,720
INFO:root:1665;flag;0.125,317.5,66.875,396.0;0.78;1280,720
INFO:root:1665;flag;645.0,278.75,683.0,329.25;0.73;1280,720
INFO:root:1665;flag;434.5,281.5,514.5,364.5;0.72;1280,720
INFO:root:1665;flag;338.0,315.0,382.0,357.0;0.65;1280,720
INFO:root:1665;flag;73.125,320.5,105.625,393.0;0.58;1280,720
INFO:root:1670;flag;516.5,2.375,723.5,190.25;0.89;1280,720
INFO:root:1670;flag;348.0,269.0,441.0,364.0;0.78;1280,720
INFO:root:1670;flag;707.0,220.25,737.0,284.75;0.24;1280,720
INFO:root:1670;flag;0.046875,323.0,21.890625,388.5;0.22;1280,720
INFO:root:1675;flag;449.0,1.9375,649.0,210.5;0.89;1280,720
INFO:root:1675;flag;241.625,269.5,355.5,388.5;0.4;1280,720
INFO:root:1675;flag;908.5,339.5,944.5,379.0;0.36;1280,720
INFO:root:1675;flag;298.0,289.0,356.0,367.0;0.33;1280,720
INFO:root:1675;flag;1078.0,240.5,1120.0,349.5;0.26;1280,720
INFO:root:1675;flag;1078.0,241.25,1146.0,350.25;0.22;1280,720
INFO:root:1680;flag;348.5,2.25,551.0,199.25;0.89;1280,720
INFO:root:1680;flag;110.125,267.25,240.625,380.25;0.8;1280,720
INFO:root:1685;flag;0.0,231.25,69.6875,332.75;0.75;1280,720
INFO:root:1685;flag;560.0,265.25,600.0,315.75;0.73;1280,720
INFO:root:1685;flag;229.5,313.5,258.5,347.0;0.61;1280,720
INFO:root:1685;flag;317.75,329.5,341.75,370.5;0.32;1280,720
INFO:root:1690;flag;205.25,305.5,255.75,347.5;0.64;1280,720
INFO:root:1695;flag;166.0,305.0,212.0,349.0;0.66;1280,720
INFO:root:1695;flag;416.25,332.5,457.25,371.5;0.59;1280,720
INFO:root:1700;flag;760.5,195.5,820.5,318.0;0.66;1280,720
INFO:root:1700;flag;211.5,433.5,245.5,472.5;0.65;1280,720
INFO:root:1700;flag;140.5,302.0,177.25,345.0;0.41;1280,720
INFO:root:1705;flag;445.5,253.5,496.5,311.5;0.75;1280,720
INFO:root:1705;flag;735.0,161.0,844.0,310.0;0.7;1280,720
INFO:root:1705;flag;566.0,212.875,620.0,279.0;0.62;1280,720
INFO:root:1705;flag;366.5,316.5,404.5,354.0;0.56;1280,720
INFO:root:1710;flag;336.0,320.0,385.0,355.5;0.68;1280,720
INFO:root:1710;flag;613.5,110.75,677.5,215.75;0.66;1280,720
INFO:root:1710;flag;673.0,130.75,742.0,247.25;0.66;1280,720
INFO:root:1710;flag;556.0,231.5,594.0,286.5;0.63;1280,720
INFO:root:1710;flag;411.75,253.0,432.75,309.5;0.39;1280,720
INFO:root:1710;flag;932.0,259.0,1000.0,321.0;0.24;1280,720
INFO:root:1710;flag;613.5,115.5,743.5,247.75;0.22;1280,720
INFO:root:1715;flag;497.25,209.25,569.0,270.25;0.78;1280,720
INFO:root:1715;flag;302.25,297.5,352.75,355.5;0.59;1280,720
